-7.916666666666666075e+00 -2.513989804105503170e-02
-7.750000000000000000e+00 1.330382562749261172e-02
-7.583333333333333925e+00 7.143680966769810903e-02
-7.416666666666666075e+00 2.219946237883987233e-02
-7.250000000000000000e+00 -4.276040340986364194e-03
-7.083333333333333925e+00 7.989856595004353121e-03
-6.916666666666666963e+00 1.357230684239204947e-02
-6.750000000000000000e+00 1.473426670336780951e-02
-6.583333333333333925e+00 3.024610251493427271e-02
-6.416666666666666963e+00 1.961603390284132747e-02
-6.250000000000000000e+00 3.364144854749674153e-03
-6.083333333333333925e+00 -3.242172993027748334e-03
-5.916666666666666963e+00 4.025825498730086632e-02
-5.750000000000000000e+00 1.312397872522832847e-02
-5.583333333333333925e+00 3.663465333908496463e-02
-5.416666666666666963e+00 6.182512106185512023e-03
-5.250000000000000000e+00 4.730619912140795330e-02
-5.083333333333333925e+00 1.491765435817355226e-02
-4.916666666666666963e+00 2.787611078199609196e-02
-4.750000000000000000e+00 -4.879366257898100009e-03
-4.583333333333333925e+00 1.202602093100857070e-02
-4.416666666666666963e+00 3.479934132117592366e-02
-4.250000000000000000e+00 -1.096986845590154115e-02
-4.083333333333333925e+00 3.058691409359239402e-02
-3.916666666666666963e+00 -3.162045242965377031e-03
-3.750000000000000444e+00 4.713805985427380746e-02
-3.583333333333333481e+00 3.104420880829149992e-02
-3.416666666666666963e+00 -1.182455729537704517e-02
-3.250000000000000444e+00 -9.204121604362998019e-03
-3.083333333333333481e+00 -3.177796262433041363e-02
-2.916666666666666963e+00 1.174001878129514670e-03
-2.750000000000000444e+00 -4.951976675554050494e-03
-2.583333333333333481e+00 -7.066486663903323584e-02
-2.416666666666666963e+00 -8.759100789481408245e-02
-2.250000000000000444e+00 -1.030150153030074955e-01
-2.083333333333333481e+00 -7.138895008132450926e-02
-1.916666666666666963e+00 -1.108663078094017373e-01
-1.750000000000000444e+00 -1.129635531116153224e-01
-1.583333333333333481e+00 -1.654173325316498355e-01
-1.416666666666666963e+00 -1.709402559673302846e-01
-1.250000000000000444e+00 -1.648524962508565728e-01
-1.083333333333333481e+00 -2.097390987850292488e-01
-9.166666666666669627e-01 -2.033162917608798692e-01
-7.500000000000004441e-01 -1.943586578419738697e-01
-5.833333333333334814e-01 -2.011692630441232754e-01
-4.166666666666669627e-01 -2.096099622480575020e-01
-2.500000000000004441e-01 -1.552233784537541128e-01
-8.333333333333348136e-02 -7.274290145433953692e-02
8.333333333333303727e-02 0.000000000000000000e+00
2.499999999999991118e-01 0.000000000000000000e+00
4.166666666666660745e-01 0.000000000000000000e+00
5.833333333333330373e-01 0.000000000000000000e+00
7.499999999999991118e-01 0.000000000000000000e+00
9.166666666666660745e-01 0.000000000000000000e+00
1.083333333333333037e+00 0.000000000000000000e+00
1.249999999999999112e+00 0.000000000000000000e+00
1.416666666666666075e+00 0.000000000000000000e+00
1.583333333333333037e+00 0.000000000000000000e+00
1.749999999999999112e+00 0.000000000000000000e+00
1.916666666666666075e+00 0.000000000000000000e+00
