-7.966666666666666785e+00 9.573048156758551253e-01
-7.900000000000000355e+00 9.838966161112956410e-01
-7.833333333333333037e+00 1.020460341710026198e+00
-7.766666666666666607e+00 1.057024067308756754e+00
-7.700000000000000178e+00 9.938685412745857928e-01
-7.633333333333332860e+00 1.060348042363186805e+00
-7.566666666666666430e+00 1.110207668179637785e+00
-7.500000000000000000e+00 1.070319967526476956e+00
-7.433333333333333570e+00 1.010488416546736046e+00
-7.366666666666667140e+00 9.573048156758551253e-01
-7.299999999999999822e+00 9.971925163290157323e-01
-7.233333333333333393e+00 9.539808406214251857e-01
-7.166666666666666075e+00 9.938685412745857928e-01
-7.099999999999999645e+00 1.037080216982176450e+00
-7.033333333333333215e+00 1.010488416546736046e+00
-6.966666666666666785e+00 1.027108291818886299e+00
-6.900000000000000355e+00 1.063672017417616855e+00
-6.833333333333333925e+00 1.000516491383445894e+00
-6.766666666666666607e+00 9.307130152404147205e-01
-6.700000000000000178e+00 1.047052142145466602e+00
-6.633333333333332860e+00 1.020460341710026198e+00
-6.566666666666666430e+00 1.070319967526476956e+00
-6.500000000000000000e+00 1.063672017417616855e+00
-6.433333333333333570e+00 1.060348042363186805e+00
-6.366666666666667140e+00 1.093587792907487533e+00
-6.299999999999999822e+00 1.113531643234067614e+00
-6.233333333333333393e+00 1.106883693125207513e+00
-6.166666666666666075e+00 1.090263817853057260e+00
-6.099999999999999645e+00 1.000516491383445894e+00
-6.033333333333333215e+00 1.033756241927746400e+00
-5.966666666666666785e+00 1.057024067308756754e+00
-5.900000000000000355e+00 1.050376117199896653e+00
-5.833333333333333925e+00 9.240650651315546193e-01
-5.766666666666666607e+00 9.672767408391453881e-01
-5.699999999999999289e+00 9.307130152404147205e-01
-5.633333333333332860e+00 9.473328905125649735e-01
-5.566666666666666430e+00 8.476136388796635668e-01
-5.500000000000000000e+00 8.609095390973836581e-01
-5.433333333333333570e+00 1.040404192036606501e+00
-5.366666666666667140e+00 9.473328905125649735e-01
-5.300000000000000711e+00 1.027108291818886299e+00
-5.233333333333333393e+00 1.030432266873316349e+00
-5.166666666666666075e+00 1.017136366655596147e+00
-5.099999999999999645e+00 1.060348042363186805e+00
-5.033333333333333215e+00 1.070319967526476956e+00
-4.966666666666666785e+00 1.136799468615077968e+00
-4.900000000000000355e+00 1.166715244104948646e+00
-4.833333333333333925e+00 1.193307044540388828e+00
-4.766666666666666607e+00 1.266434495737850163e+00
-4.699999999999999289e+00 1.166715244104948646e+00
-4.633333333333332860e+00 1.302998221336580720e+00
-4.566666666666666430e+00 1.216574869921399404e+00
-4.500000000000000000e+00 1.226546795084689334e+00
-4.433333333333333570e+00 1.223222820030259506e+00
-4.366666666666667140e+00 1.283054371010000416e+00
-4.300000000000000711e+00 1.113531643234067614e+00
-4.233333333333333393e+00 1.206602944758109253e+00
-4.166666666666666075e+00 1.120179593342927715e+00
-4.099999999999999645e+00 1.156743318941658272e+00
-4.033333333333333215e+00 1.090263817853057260e+00
-3.966666666666666785e+00 1.153419343887228221e+00
-3.900000000000000355e+00 1.080291892689767108e+00
-3.833333333333333481e+00 1.023784316764456248e+00
-3.766666666666666607e+00 9.971925163290157323e-01
-3.700000000000000178e+00 1.133475493560648140e+00
-3.633333333333333304e+00 8.509376139340935064e-01
-3.566666666666666430e+00 9.074451898594043664e-01
-3.500000000000000000e+00 8.808533894239640727e-01
-3.433333333333333570e+00 8.044019631720727981e-01
-3.366666666666666696e+00 7.877820878999225451e-01
-3.299999999999999822e+00 9.573048156758551253e-01
-3.233333333333333393e+00 7.911060629543524847e-01
-3.166666666666666963e+00 8.642335141518138197e-01
-3.100000000000000089e+00 8.077259382265028487e-01
-3.033333333333333215e+00 6.980347614303110682e-01
-2.966666666666666785e+00 9.506568655669951351e-01
-2.900000000000000355e+00 8.775294143695339111e-01
-2.833333333333333481e+00 8.609095390973836581e-01
-2.766666666666666607e+00 8.409656887708033546e-01
-2.700000000000000178e+00 8.243458134986531016e-01
-2.633333333333333304e+00 8.908253145872541134e-01
-2.566666666666666430e+00 8.908253145872541134e-01
-2.500000000000000000e+00 9.074451898594043664e-01
-2.433333333333333570e+00 1.047052142145466602e+00
-2.366666666666666696e+00 1.103559718070777462e+00
-2.299999999999999822e+00 1.030432266873316349e+00
-2.233333333333333393e+00 1.183335119377098898e+00
-2.166666666666666963e+00 1.156743318941658272e+00
-2.100000000000000089e+00 1.203278969703678980e+00
-2.033333333333333215e+00 1.399393497915052187e+00
-1.966666666666666785e+00 1.366153747370751681e+00
-1.900000000000000355e+00 1.465872999003653199e+00
-1.833333333333333481e+00 1.422661323296062541e+00
-1.766666666666666607e+00 1.502436724602383977e+00
-1.700000000000000178e+00 1.598832001180855444e+00
-1.633333333333333304e+00 1.499112749547953927e+00
-1.566666666666666430e+00 1.492464799439093825e+00
-1.500000000000000000e+00 1.602155976235285495e+00
-1.433333333333333570e+00 1.548972375364404463e+00
-1.366666666666666696e+00 1.512408649765673907e+00
-1.299999999999999822e+00 1.495788774493523654e+00
-1.233333333333333393e+00 1.352857847153031479e+00
-1.166666666666666963e+00 1.332913996826451175e+00
-1.100000000000000089e+00 1.326266046717591074e+00
-1.033333333333333215e+00 1.342885921989741327e+00
-9.666666666666667851e-01 1.239842695302409759e+00
-9.000000000000003553e-01 1.090263817853057260e+00
-8.333333333333334814e-01 9.938685412745857928e-01
-7.666666666666666075e-01 1.003840466437875945e+00
-7.000000000000001776e-01 9.872205911657256916e-01
-6.333333333333337478e-01 7.645142625189120800e-01
-5.666666666666668739e-01 8.775294143695339111e-01
-5.000000000000000000e-01 8.575855640429536075e-01
-4.333333333333335702e-01 7.246265618657514729e-01
-3.666666666666666963e-01 5.916675596885494492e-01
-2.999999999999998224e-01 5.683997343075389841e-01
-2.333333333333333925e-01 4.720044577290675170e-01
-1.666666666666669627e-01 3.955530314771762423e-01
-1.000000000000000888e-01 3.390454555518653823e-01
-3.333333333333321491e-02 2.825378796265544667e-01
3.333333333333321491e-02 2.160583785379534549e-01
9.999999999999964473e-02 2.027624783202332248e-01
1.666666666666660745e-01 1.828186279936528935e-01
2.333333333333325044e-01 1.595508026126425116e-01
2.999999999999998224e-01 9.307130152404147205e-02
3.666666666666671404e-01 1.096911767961917389e-01
4.333333333333335702e-01 7.645142625189121910e-02
5.000000000000000000e-01 3.988770065316062791e-02
5.666666666666664298e-01 3.323975054430052672e-02
6.333333333333328596e-01 4.321167570759068544e-02
6.999999999999992895e-01 1.661987527215026336e-02
7.666666666666666075e-01 6.647950108860105518e-03
8.333333333333339255e-01 1.661987527215026336e-02
9.000000000000003553e-01 9.971925163290156977e-03
9.666666666666667851e-01 6.647950108860105518e-03
1.033333333333333215e+00 6.647950108860105518e-03
1.099999999999999645e+00 1.994385032658031395e-02
1.166666666666666075e+00 0.000000000000000000e+00
1.233333333333332504e+00 0.000000000000000000e+00
1.299999999999999822e+00 0.000000000000000000e+00
1.366666666666667140e+00 0.000000000000000000e+00
1.433333333333333570e+00 0.000000000000000000e+00
1.500000000000000000e+00 0.000000000000000000e+00
1.566666666666666430e+00 0.000000000000000000e+00
1.633333333333332860e+00 0.000000000000000000e+00
1.699999999999999289e+00 0.000000000000000000e+00
1.766666666666666607e+00 0.000000000000000000e+00
1.833333333333333925e+00 0.000000000000000000e+00
1.900000000000000355e+00 0.000000000000000000e+00
1.966666666666666785e+00 0.000000000000000000e+00
